$ANSIBLE_VAULT;1.1;AES256
35623034383933323335383734333830326436343538383235376133666132396532363435663637
6639646531323739663733306436653634393061616534650a313763333064623230626230323466
38306532303438346166306430316265616437616437383639336133316562316465383037383263
6238386639383133640a336363663662636565363839626535646466613535373538343939653031
38306464626531656530326438353334343136306332376339633933646463623263323832653765
39353239306539636565303438383164663732323731643630643865656364326633313461643230
61653632633330626432363266333635663134623431303065376266633130656562343463613931
39323962626130346131656130383630393064336561643438643662643364383234383632613066
36323534353832616135326431336232353139393037396435303966343664313264346263663633
34636130373639333861353161656533306339633630626333386139333066633639666334373635
32306131313162663237376265613434313239393837336465346264616466393265613238343464
66343963366332346261303735343866333636656337343634303234643330623865303931336530
65313964333234616131303564386133316132343736323032323138323639303965383936363164
37303136303462306438326661363262636331656139616662656630306366313066343963303266
62396535366534376661663765626631353330666532613339393132363366643363366365626364
34353364653136306536633933313936303861383937613561333164643234356263643232613431
34346235396166393564393333626432363531633232343232643562613036303635663866346434
61633931356432666138646563613263303535373733336632663031636365653339633661336137
65623062386230613264616635323136666337623637346663616466613564373365353439376132
35613931346639373465613064373534653364356133653136313938373266363137363531323531
35386236656561393530306230643962313866353230383861383261303162623936633135353566
38336661646163313161613837656130633031393331656130346539613566653831326562656133
34623531336562393661636561376537663061323164366231383233613761376131363135376364
32313566333032623639
